ISS (ZARYA)
1 25544U 98067A   18090.79684906  .00001927  00000-0  36272-4 0  9990
2 25544  51.6407  44.5214 0001669 280.9173 162.8590 15.54175052106482
ESTCUBE 1
1 39161U 13021C   18090.47015500  .00000157  00000-0  32953-4 0  9996
2 39161  98.0081 177.5088 0008264 313.1360  46.9159 14.72038490263015
ANTELSAT
1 40034U 14033AA  18090.54051103  .00000234  00000-0  42251-4 0  9996
2 40034  97.8226 329.9662 0060354  88.1401 272.6719 14.73885197203253
ALSAT 1N
1 41789U 16059G   18090.39225637  .00000066  00000-0  21780-4 0  9999
2 41789  98.1268 154.2411 0027729 335.2193  24.7680 14.64137827 80633
CELTEE 1
1 41850U 16067C   18090.21103623 -.00000252  00000-0 -16672-4 0  9991
2 41850  97.9251 177.3988 0010202  66.7821 293.4474 14.96773078 75435
AEROCUBE 8D
1 41852U 16067E   18090.19623884  .00000551  00000-0  53913-4 0  9995
2 41852  97.9262 177.1715 0011231  68.9670 291.2750 14.96445455 75410
AL-FARABI 1
1 42016U 17008BW  18089.85177115  .00001475  00000-0  63553-4 0  9993
2 42016  97.4564 155.3492 0004979 302.5477  57.5279 15.24157364 62119
AALTO 1
1 42775U 17036L   18090.38642508  .00000793  00000-0  39259-4 0  9997
2 42775  97.4094 151.0813 0013668 343.4987  16.5802 15.20601388 42676
ASTERIA
1 43020U 98067NH  18090.36133784  .00010781  00000-0  15041-3 0  9993
2 43020  51.6414  44.8057 0001608 227.4258 132.6598 15.57467493 20350
AEROCUBE 7C
1 43043U 17071G   18090.11349006  .00003496  00000-0  10137-3 0  9999
2 43043  51.6411  61.7162 0004934 354.0937   6.0003 15.38321187 17554
